"eval_accuracy": 0.6168478260869565,
"eval_loss": 0.7327097654342651,
"eval_margin": 0.6965361056120499,